score idx nu A t | low H E P | high H E P
(5.666666666666666, 13, np.float64(0.023128857522132097), np.float64(0.9923996184659611), np.float64(0.17049408520367393), 0.0625, 0.20833333333333334, 1.0, 1.0, 1.0, 1.0)
(5.40625, 44, np.float64(0.01909747542788427), np.float64(1.2014300345803666), np.float64(0.20507059849996281), 0.0625, 0.1875, 0.9375, 1.0, 1.0, 1.0)
(5.385416666666666, 134, np.float64(0.03127472626433393), np.float64(1.057773152761105), np.float64(0.20753023064469758), 0.041666666666666664, 0.25, 0.9791666666666666, 1.0, 1.0, 1.0)
(4.916666666666667, 133, np.float64(0.02439195343710733), np.float64(1.0909764793849015), np.float64(0.26867775153268547), 0.08333333333333333, 0.3958333333333333, 1.0, 1.0, 1.0, 1.0)
(4.833333333333333, 4, np.float64(0.026179184158182815), np.float64(1.2192922639409096), np.float64(0.3425375070425021), 0.2708333333333333, 0.4166666666666667, 1.0, 0.9895833333333334, 1.0, 1.0)
(4.770833333333334, 107, np.float64(0.03284922595402022), np.float64(1.1331455704192646), np.float64(0.2352739423833279), 0.0625, 0.375, 0.9583333333333334, 1.0, 1.0, 1.0)
(4.75, 78, np.float64(0.025207677102577715), np.float64(1.0579578316795537), np.float64(0.3587220209729472), 0.16666666666666666, 0.4375, 1.0, 1.0, 1.0, 1.0)
(4.71875, 9, np.float64(0.026690305672520107), np.float64(1.202608678640782), np.float64(0.2589049959787615), 0.0625, 0.4166666666666667, 0.9791666666666666, 0.9895833333333334, 1.0, 1.0)
(4.666666666666667, 158, np.float64(0.039703709901611914), np.float64(1.042911978114927), np.float64(0.22067774676383553), 0.0625, 0.4583333333333333, 1.0, 1.0, 1.0, 1.0)
(4.666666666666667, 147, np.float64(0.05457044699406545), np.float64(1.2313312592500498), np.float64(0.18895988273493325), 0.041666666666666664, 0.4583333333333333, 1.0, 0.5416666666666666, 1.0, 1.0)
(4.666666666666667, 19, np.float64(0.03676154659063083), np.float64(0.9854066560576054), np.float64(0.211757015488252), 0.08333333333333333, 0.4583333333333333, 1.0, 1.0, 1.0, 1.0)
(4.666666666666667, 1, np.float64(0.019833772661901228), np.float64(1.2585841503444952), np.float64(0.3893978012340727), 0.4270833333333333, 0.4583333333333333, 1.0, 0.9895833333333334, 1.0, 1.0)
(4.583333333333333, 61, np.float64(0.03413500312545482), np.float64(0.925272705167286), np.float64(0.35436257275942445), 0.16666666666666666, 0.4791666666666667, 1.0, 1.0, 1.0, 1.0)
(4.583333333333333, 42, np.float64(0.04284766108131927), np.float64(0.9680007404711899), np.float64(0.23981076806797352), 0.08333333333333333, 0.4791666666666667, 1.0, 1.0, 1.0, 1.0)
(4.583333333333333, 32, np.float64(0.05370637369456044), np.float64(1.0528325415514936), np.float64(0.197938423590519), 0.08333333333333333, 0.4791666666666667, 1.0, 1.0, 1.0, 1.0)
(4.583333333333333, 31, np.float64(0.01724634888820783), np.float64(1.1430255070057171), np.float64(0.4201805846671508), 0.4270833333333333, 0.4791666666666667, 1.0, 1.0, 1.0, 1.0)
(4.5, 146, np.float64(0.04492966462102267), np.float64(0.9354864614868101), np.float64(0.20562146575134), 0.11458333333333333, 0.5, 1.0, 1.0, 1.0, 1.0)
(4.5, 130, np.float64(0.04953807917396315), np.float64(0.9675008443048916), np.float64(0.1926347523124108), 0.10416666666666667, 0.5, 1.0, 1.0, 1.0, 1.0)
(4.5, 115, np.float64(0.07182937052215523), np.float64(1.1596467426500245), np.float64(0.15691798485511885), 0.10416666666666667, 0.5, 1.0, 1.0, 1.0, 1.0)
(4.5, 63, np.float64(0.042555221172940944), np.float64(0.9583716379977189), np.float64(0.28142762984790615), 0.08333333333333333, 0.5, 1.0, 1.0, 1.0, 1.0)
(4.5, 6, np.float64(0.05984499669460869), np.float64(1.0667407659375796), np.float64(0.17358235951177015), 0.08333333333333333, 0.5, 1.0, 1.0, 1.0, 1.0)
(4.416666666666666, 126, np.float64(0.01927856586786218), np.float64(1.00887109329999), np.float64(0.4974799310402771), 0.375, 0.5208333333333334, 1.0, 1.0, 1.0, 1.0)
(4.416666666666666, 38, np.float64(0.016183311405982774), np.float64(0.8562103738847563), np.float64(0.42643446579484046), 0.46875, 0.5208333333333334, 1.0, 1.0, 1.0, 1.0)
(4.333333333333334, 45, np.float64(0.01971422529711802), np.float64(0.7944986610376977), np.float64(0.3769091541566027), 0.4895833333333333, 0.5416666666666666, 1.0, 1.0, 1.0, 1.0)
(4.25, 139, np.float64(0.032637959265930216), np.float64(0.8129152883577218), np.float64(0.2629192962772371), 0.6145833333333334, 0.5625, 1.0, 1.0, 1.0, 1.0)
CHOSEN (5.666666666666666, 13, np.float64(0.023128857522132097), np.float64(0.9923996184659611), np.float64(0.17049408520367393), 0.0625, 0.20833333333333334, 1.0, 1.0, 1.0, 1.0)
