score idx nu A t | low H E P | high E P | max_rescue mean_rescue rmse
(1.2469409226521537, 287, np.float64(0.017291598827285783), np.float64(1.2964715278926113), np.float64(0.33330185125969275), 0.3958333333333333, 0.4375, 1.0, 1.0, 1.0, 0.03911928200784681, 0.014533873619682771, 0.0642023442212963)
(1.2163528676263289, 244, np.float64(0.022541251287221342), np.float64(1.1183313371480617), np.float64(0.32997354396417733), 0.14583333333333334, 0.4375, 1.0, 1.0, 1.0, 0.03638402213337815, 0.01336832876714974, 0.05611475098140939)
(1.1610665006650605, 66, np.float64(0.020238134636590077), np.float64(1.1163897469561488), np.float64(0.3638435525825803), 0.3958333333333333, 0.4375, 1.0, 1.0, 1.0, 0.031159405943652588, 0.011013501768838786, 0.04797449208096913)
(1.1283800966754818, 164, np.float64(0.07085312324663642), np.float64(1.2443492741974183), np.float64(0.6450094221143154), 0.3333333333333333, 0.625, 0.8958333333333334, 1.0, 1.0, 0.08306075373763783, 0.009460547327076458, 0.08127042159881331)
(1.1204327389124107, 247, np.float64(0.023113027490754626), np.float64(1.0978262138330475), np.float64(0.3676644145603359), 0.40625, 0.4375, 1.0, 1.0, 1.0, 0.027005286959421088, 0.009498274885298917, 0.04529468739169252)
(1.075918834286672, 291, np.float64(0.025442799044472802), np.float64(1.2937469156141725), np.float64(0.3540136254346105), 0.40625, 0.4375, 1.0, 1.0, 1.0, 0.021910124806227865, 0.007467193033454684, 0.05403812740606076)
(1.0590141315249604, 277, np.float64(0.06640475676613046), np.float64(1.2718292654988463), np.float64(0.6124118657168389), 0.3541666666666667, 0.6458333333333334, 0.8958333333333334, 1.0, 1.0, 0.07938959119208627, 0.0076447874601150295, 0.07830317096228671)
(1.045186064322195, 143, np.float64(0.021546177932968), np.float64(1.2850704062766254), np.float64(0.8954415394023127), 0.3541666666666667, 0.5833333333333334, 0.875, 0.9375, 0.9583333333333334, 0.07996758899654399, 0.009125419790987015, 0.23788734637178946)
(1.0450382761193047, 276, np.float64(0.018014615470598266), np.float64(0.8959143644250889), np.float64(0.35842275187426154), 0.2916666666666667, 0.5, 1.0, 1.0, 1.0, 0.030116439423656605, 0.008761195061914558, 0.03812396096478737)
(1.0371205765984866, 263, np.float64(0.027328824005005213), np.float64(1.1804424892977974), np.float64(0.3743006493971597), 0.4270833333333333, 0.4375, 1.0, 1.0, 1.0, 0.018307474227763354, 0.0061498199973023596, 0.04462300557434051)
(0.9718073801619953, 234, np.float64(0.029405524015401887), np.float64(0.9291175620471402), np.float64(0.3556969119430426), 0.22916666666666666, 0.4791666666666667, 1.0, 1.0, 1.0, 0.0186141674976526, 0.005676803335198262, 0.03787365367996302)
(0.9549387986342428, 48, np.float64(0.014707560208680172), np.float64(0.9084988582395956), np.float64(0.48267635188911373), 0.4479166666666667, 0.5208333333333334, 1.0, 1.0, 1.0, 0.025218957434787886, 0.005536640684770839, 0.024581152833712722)
(0.9480684075876584, 246, np.float64(0.0794609583393701), np.float64(1.0212170337459172), np.float64(0.8385198475997014), 0.19791666666666666, 0.4583333333333333, 0.8541666666666666, 1.0, 1.0, 0.061459465054997164, 0.014352957470416552, 0.06879504786536406)
(0.9371179279010123, 243, np.float64(0.023016474578980713), np.float64(1.0674470174709094), np.float64(0.9291175978402113), 0.4895833333333333, 0.7708333333333334, 0.8958333333333334, 0.9583333333333334, 0.9583333333333334, 0.0861947459038826, 0.002268208461854566, 0.14364092031173312)
(0.9278165412547601, 81, np.float64(0.012359137705893345), np.float64(1.0920353194873624), np.float64(0.5468473334018353), 0.3125, 0.4791666666666667, 1.0, 1.0, 1.0, 0.014400575141039734, 0.0021682811083462935, 0.045377631386114385)
(0.92712165862608, 196, np.float64(0.0785717152283216), np.float64(1.042125933804605), np.float64(0.8170415632980654), 0.16666666666666666, 0.4791666666666667, 0.8541666666666666, 1.0, 1.0, 0.06282036853389455, 0.013996471929133525, 0.07047897861011282)
(0.9206368130725109, 60, np.float64(0.029096302826314716), np.float64(0.9506172920137947), np.float64(0.4142473688719627), 0.4375, 0.4791666666666667, 1.0, 1.0, 1.0, 0.013649920909890798, 0.003937928122200091, 0.02887146660916854)
(0.9138135326840285, 248, np.float64(0.0159445924958748), np.float64(1.132317134945021), np.float64(0.45140920065835544), 0.3333333333333333, 0.5, 1.0, 1.0, 1.0, 0.015764135919848814, 0.004807615524141656, 0.03693996645734297)
(0.9090442042378069, 300, np.float64(0.014108616959299883), np.float64(0.8559535265857035), np.float64(0.48238636568743587), 0.4479166666666667, 0.5416666666666666, 1.0, 1.0, 1.0, 0.024109647477009027, 0.004335372340602055, 0.022651070118652774)
(0.8859167089474048, 155, np.float64(0.0638431092593966), np.float64(1.1983247012284317), np.float64(0.6514577101361037), 0.3333333333333333, 0.6041666666666666, 0.875, 1.0, 1.0, 0.0665881545490028, 0.008760288457879014, 0.07384063744773298)
(0.8513169498753723, 238, np.float64(0.052568554257016106), np.float64(1.1281388479799137), np.float64(0.8772611792363825), 0.2708333333333333, 0.5, 0.8541666666666666, 0.9791666666666666, 1.0, 0.05592478470019624, 0.010067215682677143, 0.12313295241952142)
(0.8479952333588264, 39, np.float64(0.013511722990953191), np.float64(1.0616583130968684), np.float64(0.5506863634883602), 0.2916666666666667, 0.5, 1.0, 1.0, 1.0, 0.008707150847535941, 0.0019779478253905605, 0.04085247055395321)
(0.8433060402208981, 56, np.float64(0.013154901383361978), np.float64(1.1164398829568203), np.float64(0.7853010903083406), 0.4166666666666667, 0.8541666666666666, 0.8958333333333334, 0.9583333333333334, 0.9791666666666666, 0.09098919065011479, 0.0023457068596357392, 0.12868604182953983)
(0.8335027245217284, 261, np.float64(0.06688621276173462), np.float64(1.2656434017500433), np.float64(0.5986229949581428), 0.375, 0.6875, 0.8958333333333334, 1.0, 1.0, 0.06043068044411093, 0.005667346150757711, 0.07144245939828667)
(0.800521227901658, 27, np.float64(0.01619811737450922), np.float64(1.0567629678044579), np.float64(0.5438266501182052), 0.3229166666666667, 0.5208333333333334, 1.0, 1.0, 1.0, 0.007094254255463839, 0.001587007946310261, 0.037338324145412674)
(0.7992157119487128, 165, np.float64(0.07886181714197968), np.float64(0.8466103152400921), np.float64(0.9418308523244457), 0.3958333333333333, 0.5, 0.8958333333333334, 1.0, 1.0, 0.023185053682636556, 0.004909133109054356, 0.04236416676947226)
(0.7930454255169943, 314, np.float64(0.023194841262687504), np.float64(1.1010902014244233), np.float64(0.46337864146201335), 0.375, 0.5208333333333334, 1.0, 1.0, 1.0, 0.006420758133150392, 0.001890148961779082, 0.03073752920934964)
(0.7905255380827693, 84, np.float64(0.028302560365908752), np.float64(0.99166395929282), np.float64(0.47132619217689686), 0.46875, 0.5208333333333334, 1.0, 1.0, 1.0, 0.006683719669692237, 0.0017618828283241818, 0.022516498823869285)
(0.772095093425988, 185, np.float64(0.06290478595144904), np.float64(1.2718896234054011), np.float64(0.6160036957230504), 0.3541666666666667, 0.6458333333333334, 0.875, 1.0, 1.0, 0.06057980009891828, 0.007047059533952239, 0.08103690899766582)
(0.7623970787564891, 45, np.float64(0.01971422529711802), np.float64(0.870181865617452), np.float64(0.5166167159510768), 0.46875, 0.6041666666666666, 1.0, 1.0, 1.0, 0.018364219922432035, 0.003091555010166626, 0.018734198672732776)
CHOSEN (1.2469409226521537, 287, np.float64(0.017291598827285783), np.float64(1.2964715278926113), np.float64(0.33330185125969275), 0.3958333333333333, 0.4375, 1.0, 1.0, 1.0, 0.03911928200784681, 0.014533873619682771, 0.0642023442212963)
