TOP VALIDATION DESIGNS: score seed H E PAC PACplus
(0.24677083333333327, 4432, 0.39010416666666664, 0.75, 0.9510416666666667, 1.0970741317629995)
(0.26239583333333316, 4360, 0.43333333333333335, 0.7489583333333333, 0.953125, 1.4737340089703077)
(0.2670833333333333, 4328, 0.36354166666666665, 0.7375, 0.946875, 0.9548376662479012)
(0.2699479166666668, 4170, 0.3020833333333333, 0.7630208333333334, 0.9791666666666666, 1.2088866781030618)
(0.2704687499999998, 4583, 0.40625, 0.7744791666666667, 0.9541666666666667, 1.104508486874047)
(0.27437499999999987, 4496, 0.378125, 0.74375, 0.9427083333333334, 1.4763539445361693)
(0.2821354166666667, 4178, 0.3776041666666667, 0.7171875, 0.9364583333333333, 1.2404790722336885)
(0.30062499999999975, 4564, 0.38333333333333336, 0.7447916666666666, 0.9380208333333333, 1.1093604105279502)
(0.3045833333333334, 4227, 0.37447916666666664, 0.7645833333333333, 0.9442708333333333, 1.1977074026015695)
(0.3092187499999993, 4217, 0.4244791666666667, 0.7109375, 0.9333333333333333, 1.286956258818663)
(0.3261458333333325, 4460, 0.39166666666666666, 0.7177083333333333, 0.93125, 0.8422123766671139)
(0.3413020833333334, 4048, 0.47239583333333335, 0.7692708333333333, 0.95, 1.3357166458433782)
(0.3413020833333334, 4350, 0.49895833333333334, 0.7744791666666667, 0.9614583333333333, 1.2835693826745567)
(0.3930729166666667, 4433, 0.43645833333333334, 0.7244791666666667, 0.9286458333333333, 1.1499917350575506)
(0.4040624999999997, 4326, 0.534375, 0.7625, 0.9463541666666667, 1.1153236569930878)
(0.4693749999999994, 4370, 0.34270833333333334, 0.68125, 0.9177083333333333, 0.8763724355335311)
(0.47328125, 4087, 0.3807291666666667, 0.7588541666666667, 0.9244791666666666, 0.9220267355975691)
(0.48708333333333315, 4396, 0.4984375, 0.7572916666666667, 0.9302083333333333, 0.8602160292169442)
(0.5060937499999996, 4191, 0.4078125, 0.7692708333333333, 0.921875, 0.6359115429957908)
(0.5180729166666665, 4186, 0.5036458333333333, 0.7744791666666667, 0.9302083333333333, 0.8850388165635616)
CHOSEN_SEED 4432
FINAL N=8 seed=4432 rows=24 BR4=0.771 test H/E/P=0.442/0.752/0.942 slice H/E/P=0.396/0.854/0.875 PAC+=111.4%
FINAL N=80 seed=4432 rows=240 BR4=0.629 test H/E/P=0.938/0.993/0.994 slice H/E/P=0.969/0.958/0.958 PAC+=27.7%
